Matlab diary from CS 292F, Thursday, March 31, 2022

This is /Users/gilbert/Documents/S22-graph-laplacians/Matlab/startup.m
Using diary file matlab-diary-31-Mar-2022.txt


n = 10
n =
    10
L = ones(n)
L =
     1     1     1     1     1     1     1     1     1     1
     1     1     1     1     1     1     1     1     1     1
     1     1     1     1     1     1     1     1     1     1
     1     1     1     1     1     1     1     1     1     1
     1     1     1     1     1     1     1     1     1     1
     1     1     1     1     1     1     1     1     1     1
     1     1     1     1     1     1     1     1     1     1
     1     1     1     1     1     1     1     1     1     1
     1     1     1     1     1     1     1     1     1     1
     1     1     1     1     1     1     1     1     1     1
L(2,3) = 0
L =
     1     1     1     1     1     1     1     1     1     1
     1     1     0     1     1     1     1     1     1     1
     1     1     1     1     1     1     1     1     1     1
     1     1     1     1     1     1     1     1     1     1
     1     1     1     1     1     1     1     1     1     1
     1     1     1     1     1     1     1     1     1     1
     1     1     1     1     1     1     1     1     1     1
     1     1     1     1     1     1     1     1     1     1
     1     1     1     1     1     1     1     1     1     1
     1     1     1     1     1     1     1     1     1     1
laplacian(L)
ans =
     9    -1    -1    -1    -1    -1    -1    -1    -1    -1
    -1     9    -1    -1    -1    -1    -1    -1    -1    -1
    -1    -1     9    -1    -1    -1    -1    -1    -1    -1
    -1    -1    -1     9    -1    -1    -1    -1    -1    -1
    -1    -1    -1    -1     9    -1    -1    -1    -1    -1
    -1    -1    -1    -1    -1     9    -1    -1    -1    -1
    -1    -1    -1    -1    -1    -1     9    -1    -1    -1
    -1    -1    -1    -1    -1    -1    -1     9    -1    -1
    -1    -1    -1    -1    -1    -1    -1    -1     9    -1
    -1    -1    -1    -1    -1    -1    -1    -1    -1     9
which laplacian
/Users/gilbert/Documents/S22-graph-laplacians/Matlab/Meshpart/laplacian.m
L = laplacian(L)
L =
     9    -1    -1    -1    -1    -1    -1    -1    -1    -1
    -1     9    -1    -1    -1    -1    -1    -1    -1    -1
    -1    -1     9    -1    -1    -1    -1    -1    -1    -1
    -1    -1    -1     9    -1    -1    -1    -1    -1    -1
    -1    -1    -1    -1     9    -1    -1    -1    -1    -1
    -1    -1    -1    -1    -1     9    -1    -1    -1    -1
    -1    -1    -1    -1    -1    -1     9    -1    -1    -1
    -1    -1    -1    -1    -1    -1    -1     9    -1    -1
    -1    -1    -1    -1    -1    -1    -1    -1     9    -1
    -1    -1    -1    -1    -1    -1    -1    -1    -1     9
eig(L)
ans =
    0.0000
   10.0000
   10.0000
   10.0000
   10.0000
   10.0000
   10.0000
   10.0000
   10.0000
   10.0000
[W,D] = eig(L);
D
D =
  Columns 1 through 8
    0.0000         0         0         0         0         0         0         0
         0   10.0000         0         0         0         0         0         0
         0         0   10.0000         0         0         0         0         0
         0         0         0   10.0000         0         0         0         0
         0         0         0         0   10.0000         0         0         0
         0         0         0         0         0   10.0000         0         0
         0         0         0         0         0         0   10.0000         0
         0         0         0         0         0         0         0   10.0000
         0         0         0         0         0         0         0         0
         0         0         0         0         0         0         0         0
  Columns 9 through 10
         0         0
         0         0
         0         0
         0         0
         0         0
         0         0
         0         0
         0         0
   10.0000         0
         0   10.0000
W
W =
  Columns 1 through 8
   -0.3162    0.0000   -0.4330   -0.0833   -0.4082   -0.1782    0.7071   -0.0845
   -0.3162    0.0000   -0.4330   -0.0833   -0.4082   -0.1782   -0.7071   -0.0845
   -0.3162    0.0000   -0.4330   -0.0833    0.8165   -0.1782    0.0000   -0.0845
   -0.3162    0.0000    0.1443    0.9167    0.0000   -0.1782    0.0000   -0.0845
   -0.3162    0.1765    0.1443   -0.0833    0.0000    0.0891    0.0000    0.3381
   -0.3162    0.6368    0.1443   -0.0833    0.0000    0.0891    0.0000    0.3381
   -0.3162   -0.7477    0.1443   -0.0833    0.0000    0.0891    0.0000    0.3381
   -0.3162   -0.0656    0.1443   -0.0833    0.0000    0.0891    0.0000    0.3381
   -0.3162    0.0000    0.5774   -0.3333    0.0000   -0.4454    0.0000   -0.5071
   -0.3162         0         0         0         0    0.8018         0   -0.5071
  Columns 9 through 10
         0   -0.0000
         0   -0.0000
         0   -0.0000
         0   -0.0000
    0.8335   -0.1556
   -0.4940   -0.3170
   -0.2128   -0.3816
   -0.1266    0.8542
         0   -0.0000
         0         0
W
W =
   -0.3162    0.0000   -0.4330   -0.0833   -0.4082   -0.1782    0.7071   -0.0845         0   -0.0000
   -0.3162    0.0000   -0.4330   -0.0833   -0.4082   -0.1782   -0.7071   -0.0845         0   -0.0000
   -0.3162    0.0000   -0.4330   -0.0833    0.8165   -0.1782    0.0000   -0.0845         0   -0.0000
   -0.3162    0.0000    0.1443    0.9167    0.0000   -0.1782    0.0000   -0.0845         0   -0.0000
   -0.3162    0.1765    0.1443   -0.0833    0.0000    0.0891    0.0000    0.3381    0.8335   -0.1556
   -0.3162    0.6368    0.1443   -0.0833    0.0000    0.0891    0.0000    0.3381   -0.4940   -0.3170
   -0.3162   -0.7477    0.1443   -0.0833    0.0000    0.0891    0.0000    0.3381   -0.2128   -0.3816
   -0.3162   -0.0656    0.1443   -0.0833    0.0000    0.0891    0.0000    0.3381   -0.1266    0.8542
   -0.3162    0.0000    0.5774   -0.3333    0.0000   -0.4454    0.0000   -0.5071         0   -0.0000
   -0.3162         0         0         0         0    0.8018         0   -0.5071         0         0














W' * W
ans =
    1.0000    0.0000    0.0000   -0.0000    0.0000    0.0000    0.0000   -0.0000    0.0000    0.0000
    0.0000    1.0000   -0.0000    0.0000   -0.0000   -0.0000    0.0000   -0.0000    0.0000    0.0000
    0.0000   -0.0000    1.0000    0.0000    0.0000    0.0000   -0.0000   -0.0000   -0.0000   -0.0000
   -0.0000    0.0000    0.0000    1.0000    0.0000    0.0000   -0.0000    0.0000   -0.0000    0.0000
    0.0000   -0.0000    0.0000    0.0000    1.0000    0.0000    0.0000   -0.0000    0.0000    0.0000
    0.0000   -0.0000    0.0000    0.0000    0.0000    1.0000    0.0000    0.0000   -0.0000    0.0000
    0.0000    0.0000   -0.0000   -0.0000    0.0000    0.0000    1.0000    0.0000    0.0000   -0.0000
   -0.0000   -0.0000   -0.0000    0.0000   -0.0000    0.0000    0.0000    1.0000   -0.0000    0.0000
    0.0000    0.0000   -0.0000   -0.0000    0.0000   -0.0000    0.0000   -0.0000    1.0000   -0.0000
    0.0000    0.0000   -0.0000    0.0000    0.0000    0.0000   -0.0000    0.0000   -0.0000    1.0000






format long
W' * W
ans =
  Columns 1 through 5
   1.000000000000000   0.000000000000000   0.000000000000000  -0.000000000000000   0.000000000000000
   0.000000000000000   0.999999999999999  -0.000000000000000   0.000000000000000  -0.000000000000000
   0.000000000000000  -0.000000000000000   1.000000000000000   0.000000000000000   0.000000000000000
  -0.000000000000000   0.000000000000000   0.000000000000000   1.000000000000000   0.000000000000000
   0.000000000000000  -0.000000000000000   0.000000000000000   0.000000000000000   1.000000000000000
   0.000000000000000  -0.000000000000000   0.000000000000000   0.000000000000000   0.000000000000000
   0.000000000000000   0.000000000000000  -0.000000000000000  -0.000000000000000   0.000000000000000
  -0.000000000000000  -0.000000000000000  -0.000000000000000   0.000000000000000  -0.000000000000000
   0.000000000000000   0.000000000000000  -0.000000000000000  -0.000000000000000   0.000000000000000
   0.000000000000000   0.000000000000000  -0.000000000000000   0.000000000000000   0.000000000000000
  Columns 6 through 10
   0.000000000000000   0.000000000000000  -0.000000000000000   0.000000000000000   0.000000000000000
  -0.000000000000000   0.000000000000000  -0.000000000000000   0.000000000000000   0.000000000000000
   0.000000000000000  -0.000000000000000  -0.000000000000000  -0.000000000000000  -0.000000000000000
   0.000000000000000  -0.000000000000000   0.000000000000000  -0.000000000000000   0.000000000000000
   0.000000000000000   0.000000000000000  -0.000000000000000   0.000000000000000   0.000000000000000
   1.000000000000000   0.000000000000000   0.000000000000000  -0.000000000000000   0.000000000000000
   0.000000000000000   1.000000000000000   0.000000000000000   0.000000000000000  -0.000000000000000
   0.000000000000000   0.000000000000000   1.000000000000000  -0.000000000000000   0.000000000000000
  -0.000000000000000   0.000000000000000  -0.000000000000000   1.000000000000000  -0.000000000000000
   0.000000000000000  -0.000000000000000   0.000000000000000  -0.000000000000000   1.000000000000000
clear
clc
n = 7
n =
     7
L = zeros(7);
L(1, 1:7) = 1;
L(:, 1) = 1;
L = laplacian(L)
L =
     6    -1    -1    -1    -1    -1    -1
    -1     1     0     0     0     0     0
    -1     0     1     0     0     0     0
    -1     0     0     1     0     0     0
    -1     0     0     0     1     0     0
    -1     0     0     0     0     1     0
    -1     0     0     0     0     0     1

eig(L)
ans =
  -0.000000000000000
   1.000000000000000
   1.000000000000000
   1.000000000000000
   1.000000000000000
   1.000000000000000
   7.000000000000001

clear
n = 10
n =
    10

L = diag(-ones(n-1,1), 1)
L =
     0    -1     0     0     0     0     0     0     0     0
     0     0    -1     0     0     0     0     0     0     0
     0     0     0    -1     0     0     0     0     0     0
     0     0     0     0    -1     0     0     0     0     0
     0     0     0     0     0    -1     0     0     0     0
     0     0     0     0     0     0    -1     0     0     0
     0     0     0     0     0     0     0    -1     0     0
     0     0     0     0     0     0     0     0    -1     0
     0     0     0     0     0     0     0     0     0    -1
     0     0     0     0     0     0     0     0     0     0
L = laplacian(L + L')
L =
     1    -1     0     0     0     0     0     0     0     0
    -1     2    -1     0     0     0     0     0     0     0
     0    -1     2    -1     0     0     0     0     0     0
     0     0    -1     2    -1     0     0     0     0     0
     0     0     0    -1     2    -1     0     0     0     0
     0     0     0     0    -1     2    -1     0     0     0
     0     0     0     0     0    -1     2    -1     0     0
     0     0     0     0     0     0    -1     2    -1     0
     0     0     0     0     0     0     0    -1     2    -1
     0     0     0     0     0     0     0     0    -1     1

eig(L)
ans =
   0.000000000000000
   0.097886967409693
   0.381966011250105
   0.824429495415054
   1.381966011250105
   1.999999999999999
   2.618033988749894
   3.175570504584946
   3.618033988749894
   3.902113032590307

[W, D] = eig(L);

W
W =
  Columns 1 through 5
   0.316227766016836  -0.441707654030940   0.425325404176020  -0.398470231296200  -0.361803398874990
   0.316227766016836  -0.398470231296202   0.262865556059566  -0.069959619570754   0.138196601125011
   0.316227766016837  -0.316227766016839  -0.000000000000001   0.316227766016837   0.447213595499958
   0.316227766016837  -0.203030723711347  -0.262865556059567   0.441707654030938   0.138196601125011
   0.316227766016838  -0.069959619570755  -0.425325404176020   0.203030723711345  -0.361803398874990
   0.316227766016838   0.069959619570753  -0.425325404176020  -0.203030723711346  -0.361803398874989
   0.316227766016839   0.203030723711345  -0.262865556059566  -0.441707654030939   0.138196601125011
   0.316227766016839   0.316227766016837   0.000000000000001  -0.316227766016838   0.447213595499957
   0.316227766016840   0.398470231296199   0.262865556059567   0.069959619570754   0.138196601125010
   0.316227766016840   0.441707654030937   0.425325404176020   0.398470231296200  -0.361803398874989
  Columns 6 through 10
  -0.316227766016838  -0.262865556059567  -0.203030723711345   0.138196601125010  -0.069959619570754
   0.316227766016838   0.425325404176020   0.441707654030939  -0.361803398874989   0.203030723711346
   0.316227766016838  -0.000000000000000  -0.316227766016839   0.447213595499957  -0.316227766016839
  -0.316227766016838  -0.425325404176020  -0.069959619570754  -0.361803398874989   0.398470231296201
  -0.316227766016837   0.262865556059567   0.398470231296201   0.138196601125010  -0.441707654030939
   0.316227766016838   0.262865556059567  -0.398470231296201   0.138196601125011   0.441707654030938
   0.316227766016838  -0.425325404176020   0.069959619570754  -0.361803398874991  -0.398470231296199
  -0.316227766016838   0.000000000000000   0.316227766016838   0.447213595499959   0.316227766016837
  -0.316227766016838   0.425325404176020  -0.441707654030938  -0.361803398874990  -0.203030723711345
   0.316227766016838  -0.262865556059567   0.203030723711346   0.138196601125011   0.069959619570754

plot(W(:,1), 'r-o')
hold on
plot(W(:,2), 'b-o')
plot(W(:,3), 'k-o')
plot(W(:,4), 'g-o')

n=100;
L = diag(-ones(n-1,1), 1);
L = laplacian(L + L');
[W, D] = eig(L);
plot(W(:,1), 'r-o')
plot(W(:,1), 'r-')
shg
hold on
plot(W(:,2), 'b-');shg
plot(W(:,3), 'k-');shg
plot(W(:,4), 'g-');shg
exit
