Matlab diary from CS 292F, Thursday, April 14, 2022

This is /Users/gilbert/Documents/S22-graph-laplacians/Matlab/startup.m
Using diary file matlab-diary-14-Apr-2022.txt

n = 10
n =
    10
L = sparse(diag(ones(n,1),1));

L
L =
   (1,2)        1
   (2,3)        1
   (3,4)        1
   (4,5)        1
   (5,6)        1
   (6,7)        1
   (7,8)        1
   (8,9)        1
   (9,10)       1
  (10,11)       1

L = laplacian(L + L')
L =
   (1,1)        1
   (2,1)       -1
   (1,2)       -1
   (2,2)        2
   (3,2)       -1
   (2,3)       -1
   (3,3)        2
   (4,3)       -1
   (3,4)       -1
   (4,4)        2
   (5,4)       -1
   (4,5)       -1
   (5,5)        2
   (6,5)       -1
   (5,6)       -1
   (6,6)        2
   (7,6)       -1
   (6,7)       -1
   (7,7)        2
   (8,7)       -1
   (7,8)       -1
   (8,8)        2
   (9,8)       -1
   (8,9)       -1
   (9,9)        2
  (10,9)       -1
   (9,10)      -1
  (10,10)       2
  (11,10)      -1
  (10,11)      -1
  (11,11)       1

full(L)
ans =
     1    -1     0     0     0     0     0     0     0     0     0
    -1     2    -1     0     0     0     0     0     0     0     0
     0    -1     2    -1     0     0     0     0     0     0     0
     0     0    -1     2    -1     0     0     0     0     0     0
     0     0     0    -1     2    -1     0     0     0     0     0
     0     0     0     0    -1     2    -1     0     0     0     0
     0     0     0     0     0    -1     2    -1     0     0     0
     0     0     0     0     0     0    -1     2    -1     0     0
     0     0     0     0     0     0     0    -1     2    -1     0
     0     0     0     0     0     0     0     0    -1     2    -1
     0     0     0     0     0     0     0     0     0    -1     1
[w2, l2] = fiedler(L);
l2
l2 =
    0.0810

paths
n = 10; lambda_2 = 0.0810141
n = 20; lambda_2 = 0.0223383
n = 30; lambda_2 = 0.0102614
...
n = 980; lambda_2 = 1.02556e-05
n = 990; lambda_2 = 1.00497e-05
n = 1000; lambda_2 = 9.84989e-06
